curl -X POST http://192.168.2.201:8080/start -H "Content-Type: application/json" -d '{"targetTemperature": 80, "durationHours": 2}' -w "\n"

curl -X POST http://192.168.2.201:8080/stop -H "Content-Type: application/json" -d '{"targetTemperature": 80}' -w "\n"

curl -X GET http://192.168.2.201:8080/status -w "\n"

07 5a 00000000 03 cf55fe69 ff7ffe69 cf55fe69 ecc5ef10 00

075a00000000030000000000000000e255fe697559fc1000

0b 00 00 ac 68 b5 9c 00 00 00 00 00 00 00 00 00 00 00 00 00 00 00 00 00 00 00 00 00 00 00 00 00 55 51 34 2d 34 2d 32 2e 32 2e 31 32 31 33 2d 34 61 31 64 36 64 61 31 2d 34 00 00 00 00 00 55 51 34 20 45 55 20 57 69 46 69 00 00 00 00

03 16 00 0a


05 8c ce 4e 81 13 50 00 00 00 00 00 00 00 00 00 00 00 00 00 00 00 00 00 00 00 00 00 00 00 00 00 34 2d 32 2e 32 2e 33 30 2d 37 38 65 35 31 62 66 00 00 00 00 47 34 20 55 53 20 57 69 46 69 00 00 00 00 00

05 8c ce 4e 81 13 50 00 00 00 00 00 00 00 00 00 00 00 00 00 00 00 00 00 00 00 00 00 00 00 00 00 34 2d 32 2e 32 2e 33 30 2d 37 38 65 35 31 62 66 00 00 00 00 47 34 20 55 53 20 57 69 46 69 00 00 00 00 00

03 0f 00 0a

on -
07 50 00000000 03 b8b8fe69 d8d4fe69 b8b8fe69 ecc5ef10 00

off -
07 50 00000000 03 00000000 00000000 4cb9fe69 7559fc10 00


startup - 
07 50 00000000 03 00000000 00000000 00000000 00000000 01


on -
07 50 00000000 03 8038ff69 9046ff69 8038ff69 ecc5ef10 00

off - 
07 50 00000000 03 00000000 00000000 9039ff69 7559fc10 00
